110110110111111111011111100111101
001101110001100111111111111011010
001001100100010100010011111000101
100010010110110111000000001001101
001101011001110111110111111011110
001010010111110111111110000011110
001011010001010111111110111011100
101111111111100111111111110010110
101110111111100111001111010011110
110101111100011111111110101111011
001011011001010011010101000001111
110111111111111101001101111111111
101101111011110111110111111011110
011111111111100111111111111110110
000110111101110111111101101011110
